0.000732 -0.023193 1.025146 2.987805 1.829268 -0.853659
0.00463921 0.989014 2.378049 1.402439 -0.609756
-0.250000 0.008301 0.989258 2.378049 1.341463 -0.548781
-0.248779 0.004395 0.987061 2.439024 1.402439 -0.731707
-0.252197 0.004395 0.986816 2.500000 1.402439 -0.670732
-0.250244 0.012451 0.984375 2.439024 1.463415 -0.731707
-0.253662 0.008789 0.990234 2.439024 1.463415 -0.548781
-0.249023 0.008789 0.986328 2.439024 1.463415 -0.609756
-0.254639 0.008301 0.979980 2.378049 1.402439 -0.609756
-0.245117 0.006836 0.989746 2.439024 1.402439 -0.670732
-0.250977 0.015137 0.984619 2.439024 1.402439 -0.670732
-0.159912 -0.013916 1.050781 9.329268 8.109756 4.878049
-0.256348 0.014404 0.985840 2.378049 1.463415 -0.609756
-0.252930 0.008545 0.987793 2.378049 1.402439 -0.670732
-0.031250 0.072998 1.144531 45.426830 -71.280487 75.731712
-0.104736 -0.070312 1.017822 -28.109756 7.012195 11.524390
-0.276123 -0.092041 1.141846 4.451220 -14.512196 9.939025
0.031738 -0.160645 0.964600 9.939025 -8.170732 -2.134146
0.159912 -0.150635 0.872559 13.597561 -18.109756 0.243902
0.192139 0.134521 1.310303 35.487804 -8.109756 -9.390244
0.047363 -0.046143 1.006104 -4.817073 18.902439 -0.670732
-0.172852 -0.051025 1.049316 -3.597561 -2.743902 -6.341464
-0.234375 -0.001465 0.988281 3.963415 3.048780 -0.365854
-0.235107 -0.002930 0.992676 2.500000 1.463415 -0.670732
-0.237061 0.002686 0.985352 2.560976 1.585366 -0.670732




























